Time Val Sig
53463.90782407407 17.622 0.008
53463.97518518518 17.6 0.008
53464.04185185185 17.621 0.009
53460.777962962966 17.602 0.009
53460.84462962963 17.512 0.008
53460.9112962963 17.474 0.008
53454.184907407405 17.66 0.009
53454.250185185185 17.655 0.009
53460.97796296296 17.539 0.009
53461.04462962963 17.473 0.008
53461.111296296294 17.532 0.008
53461.17726851852 17.51 0.008
53460.11199074074 17.575 0.009
53460.17865740741 17.621 0.008
53449.85296296296 17.57 0.008
53453.98351851852 17.626 0.008
53454.05018518519 17.664 0.009
53454.11685185185 17.596 0.009
53455.24949074074 17.491 0.008
53456.84810185185 17.537 0.008
53456.914768518516 17.505 0.008
53442.44185185185 17.681 0.01
53442.5050462963 17.726 0.009
53442.57171296296 17.669 0.009
53442.63837962963 17.677 0.009
53442.705046296294 17.687 0.009
53445.982824074075 17.59 0.008
53446.04393518518 17.579 0.008
53446.107824074075 17.593 0.008
53446.239074074074 17.62 0.009
53446.78074074074 17.587 0.008
53446.847407407404 17.549 0.008
53446.914768518516 17.543 0.008
53446.98143518518 17.506 0.008
53447.05435185185 17.512 0.008
53447.11546296296 17.505 0.008
53447.18212962963 17.501 0.008
53447.315462962964 17.531 0.008
53447.85018518518 17.557 0.008
53447.91685185185 17.537 0.008
53447.98351851852 17.487 0.008
53448.05018518519 17.588 0.008
53448.12032407407 17.606 0.008
53448.184212962966 17.604 0.008
53448.25087962963 17.628 0.009
53448.3175462963 17.682 0.009
53448.85087962963 17.54 0.008
53448.91824074074 17.518 0.008
53448.98490740741 17.522 0.008
53449.051574074074 17.499 0.008
53451.05435185185 17.508 0.008
53451.11824074074 17.473 0.008
53451.184907407405 17.479 0.008
53451.25157407407 17.519 0.008
53451.917546296296 17.584 0.008
53451.98421296296 17.567 0.008
53452.05087962963 17.599 0.008
53452.11754629629 17.61 0.008
53452.852268518516 17.547 0.008
53452.917546296296 17.452 0.008
53452.98421296296 17.509 0.008
53453.05087962963 17.529 0.008
53453.11754629629 17.511 0.008
53454.91615740741 17.44 0.008
53454.982824074075 17.482 0.008
53455.04949074074 17.517 0.008
53455.11615740741 17.468 0.008
53464.70712962963 17.568 0.008
53464.77449074074 17.51 0.008
53464.841157407405 17.491 0.008
53464.90782407407 17.514 0.008
53464.974490740744 17.492 0.008
53459.77935185185 17.649 0.009
53459.84532407407 17.593 0.008
53459.911990740744 17.588 0.008
53459.97865740741 17.583 0.008
53460.045324074075 17.62 0.008
53468.636296296296 17.553 0.009
53468.770324074074 17.481 0.008
53468.83699074074 17.524 0.008
53468.903657407405 17.497 0.008
53465.77379629629 17.629 0.01
53465.83976851852 17.598 0.008
53467.971712962964 17.614 0.01
53468.03768518518 17.641 0.008
53446.321018518516 17.608 0.01
53446.372407407405 17.677 0.009
53446.43907407407 17.664 0.009
53449.12101851852 17.479 0.01
53449.184907407405 17.491 0.008
53449.25157407407 17.48 0.008
53450.85365740741 17.553 0.01
53450.91824074074 17.547 0.008
53450.98490740741 17.516 0.008
53452.18560185185 17.608 0.01
53452.25087962963 17.643 0.009
53452.3175462963 17.643 0.009
53455.849490740744 17.581 0.01
53455.91546296296 17.644 0.009
53455.98212962963 17.6 0.008
53456.04949074074 17.604 0.01
53456.11546296296 17.621 0.009
53456.18212962963 17.629 0.009
53462.977268518516 17.526 0.01
53463.042546296296 17.532 0.008
53463.10921296296 17.492 0.008
53462.77726851852 17.531 0.01
53462.8425462963 17.499 0.008
53462.909212962964 17.502 0.008
53463.70921296296 17.634 0.01
53463.775185185186 17.619 0.008
53463.84185185185 17.595 0.008
